900534,800569
900534,802688
900535,800570
900535,801895
900536,800571
900536,801894
900536,802567
900537,800572
900537,802313
900538,800573
900538,802144
900539,800574
900539,801897
900540,800575
900540,801963
900643,800684
900643,801896
900643,802609
900643,802932
900644,800685
900644,802292
900644,802613
900645,800686
900645,802058
900645,802542
900645,802737
900646,800687
900646,802059
900647,800688
900648,800689
900648,802145
900648,802543
900719,800760
900719,802242
900719,802612
900719,802959
900720,800761
900720,802207
900720,802576
900721,800762
900721,802203
900721,802544
900721,802931
900722,800763
900762,800805
900779,800829
900779,801491
900784,800834
900784,802683
900784,802958
900785,800835
900786,800836
900786,802349
900786,802684
900787,800837
900787,802241
900787,802592
901060,801110
901060,802401
901061,801111
901062,801112
901062,802411
901063,801113
901377,801492
901377,802514
901378,801493
901379,801494
901380,801495
901380,802410
901380,802727
901381,801496
901382,801497
901382,802615
901382,802682
901382,805787
901383,801498
901383,802267
901383,802616
901383,802933
901384,801499
901384,802293
901385,801500
901385,802328
901386,801501
901386,802523
901386,802728
901413,801533
901413,802358
901413,802722
901414,801534
901414,802412
901414,802738
901449,801571
901449,802614
901450,801572
901450,802421
901450,802729
901451,801573
901452,801574
901452,802541
901467,801589
901467,802519
901467,802741
901468,801590
901468,802513
901469,801591
901470,801592
901470,802540
901471,801593
901471,802520
901471,802731
901723,801889
901723,802518
901723,802934
901724,801890
901724,802515
901724,802725
901725,801891
901726,801892
901726,802517
901726,802730
901727,801893
901727,802516
901727,802721
901801,802038
901814,802057
901814,802521
901814,802935
901815,802060
901815,802522
901815,802936
901832,802091
901832,802575
901833,802093
901833,802094
901866,802143
901882,802176
901882,802577
901882,802940
901883,802177
901883,802568
901883,803056
901889,802204
901889,802594
901889,802939
901890,802205
901890,802574
901890,802938
901891,802206
901891,802566
901891,802937
902062,802573
902062,802941
902071,802588
902071,802944
902072,802593
902072,802945
902074,802591
902074,802943
902080,802610
902080,802946
902081,802611
902081,802948
902082,802617
902082,802947
902083,802618
902106,802685
902106,802957
902107,802686
902108,802687
902108,803030
902109,802689
902110,802690
902110,804200
902118,802723
902119,802724
902120,802732
902121,802733
902122,802734
902123,802739
902124,802740
902288,802942
902289,802949
902290,802950
902291,802951
902292,802952
902293,802953
902371,803031
903108,803510
903110,803511
